function f = gps_frequencies()
f.c = 299792458.0;
f.f1 = 1575.42e6;
f.f2 = 1227.60e6;
end
